5 5
0 0 4.44089e-16 0 8.88178e-16 
0 0 2.22045e-16 4.44089e-16 4.44089e-16 
0 1.11022e-16 0 4.44089e-16 0 
2.77556e-17 1.11022e-16 2.22045e-16 8.88178e-16 1.77636e-15 
2.77556e-17 2.22045e-16 6.66134e-16 8.88178e-16 2.66454e-15 
0 0 2.22045e-16 4.44089e-16 0 
0 1.11022e-16 0 8.88178e-16 8.88178e-16 
2.77556e-17 2.22045e-16 0 4.44089e-16 8.88178e-16 
5.55112e-17 1.11022e-16 4.44089e-16 8.88178e-16 1.77636e-15 
2.77556e-17 2.22045e-16 6.66134e-16 4.44089e-16 2.22045e-15 
0 0 2.22045e-16 4.44089e-16 0 
0 1.11022e-16 0 8.88178e-16 8.88178e-16 
2.77556e-17 2.22045e-16 0 4.44089e-16 8.88178e-16 
5.55112e-17 1.11022e-16 4.44089e-16 8.88178e-16 1.77636e-15 
2.77556e-17 2.22045e-16 6.66134e-16 4.44089e-16 2.22045e-15 
